,accuracy,learning_rate,n_estimators,depth
15,0.525,0.1,200,4
11,0.45260416666666664,0.1,100,4
14,0.4510416666666667,0.1,200,2
10,0.3984375,0.1,100,2
7,0.38645833333333335,0.1,50,4
6,0.3645833333333333,0.1,50,2
13,0.3296875,0.01,200,4
3,0.32864583333333336,0.1,20,4
12,0.30572916666666666,0.01,200,2
2,0.29739583333333336,0.1,20,2
9,0.2953125,0.01,100,4
1,0.28020833333333334,0.01,20,4
5,0.2796875,0.01,50,4
8,0.271875,0.01,100,2
0,0.2671875,0.01,20,2
4,0.2635416666666667,0.01,50,2
